
1 1
2 2
3 4
4 7
5 11
6 15
7 21
8 28
9 36
10 45
11 55
12 64
13 76
14 89
15 103
16 118
17 134
18 151
19 169
20 187
21 207
22 228
23 250
24 273
25 297
26 322
27 348
28 375
29 403
30 432
31 462
32 493
33 525
34 558
35 592
36 627
37 663
38 700
39 738
40 777
41 817
42 858
43 900
44 943
45 987
46 1032
47 1078
48 1125
49 1173
50 1222
51 1272
52 1323
53 1375
54 1428
55 1482
56 1537
57 1593
58 1650
59 1708
60 1767
61 1827
62 1888
63 1950
64 2013
65 2077
66 2142
67 2208
68 2275
69 2343
70 2412
71 2482
72 2553
73 2625
74 2698
75 2772
76 2847
77 2923
78 3000
79 3078
80 3157
81 3237
82 3318
83 3400
84 3483
85 3567
86 3652
87 3738
88 3825
89 3913
90 4002
91 4092
92 4183
93 4275
94 4368
95 4462
96 4557
97 4653
98 4750
99 4848
100 4947
101 5047
102 5148
103 5250
104 5353
105 5457
106 5562
107 5668
108 5775
109 5883
110 5992
111 6102
112 6213
113 6325
114 6438
115 6552
116 6667
117 6783
118 6900
119 7018
120 7137
121 7257
122 7378
123 7500
124 7623
125 7747
126 7872
127 7998
128 8125
129 8253
130 8382
131 8512
132 8643
133 8775
134 8908
135 9042
136 9177
137 9313
138 9450
139 9588
140 9727
141 9867
142 10008
143 10150
144 10293
145 10437
146 10582
147 10728
148 10875
149 11023
150 11172
151 11322
152 11473
153 11625
154 11778
155 11932
156 12087
157 12243
158 12400
159 12558
160 12717
161 12877
162 13038
163 13200
164 13363
165 13527
166 13692
167 13858
168 14025
169 14193
170 14362
171 14532
172 14703
173 14875
174 15048
175 15222
176 15397
177 15573
178 15750
179 15928
180 16107
181 16287
182 16468
183 16650
184 16833
185 17017
186 17202
187 17388
188 17575
189 17763
190 17952
191 18142
192 18333
193 18525
194 18718
195 18912
196 19107
197 19303
198 19500
199 19698
200 19897
201 20097
202 20298
203 20500
204 20703
205 20907
206 21112
207 21318
208 21525
209 21733
210 21942
211 22152
212 22363
213 22575
214 22788
215 23002
216 23217
217 23433
218 23650
219 23868
220 24087
221 24307
222 24528
223 24750
224 24973
225 25197
226 25422
227 25648
228 25875
229 26103
230 26332
231 26562
232 26793
233 27025
234 27258
235 27492
236 27727
237 27963
238 28200
239 28438
240 28677
241 28917
242 29158
243 29400
244 29643
245 29887
246 30132
247 30378
248 30625
249 30873
250 31122
251 31372
252 31623
253 31875
254 32128
255 32382
256 32637
257 32893
258 33150
259 33408
260 33667
261 33927
262 34188
263 34450
264 34713
265 34977
266 35242
267 35508
268 35775
269 36043
270 36312
271 36582
272 36853
273 37125
274 37398
275 37672
276 37947
277 38223
278 38500
279 38778
280 39057
281 39337
282 39618
283 39900
284 40183
285 40467
286 40752
287 41038
288 41325
289 41613
290 41902
291 42192
292 42483
293 42775
294 43068
295 43362
296 43657
297 43953
298 44250
299 44548
300 44847
301 45147
302 45448
303 45750
304 46053
305 46357
306 46662
307 46968
308 47275
309 47583
310 47892
311 48202
312 48513
313 48825
314 49138
315 49452
316 49767
317 50083
318 50400
319 50718
320 51037
321 51357
322 51678
323 52000
324 52323
325 52647
326 52972
327 53298
328 53625
329 53953
330 54282
331 54612
332 54943
333 55275
334 55608
335 55942
336 56277
337 56613
338 56950
339 57288
340 57627
341 57967
342 58308
343 58650
344 58993
345 59337
346 59682
347 60028
348 60375
349 60723
350 61072
351 61422
352 61773
353 62125
354 62478
355 62832
356 63187
357 63543
358 63900
359 64258
360 64617
361 64977
362 65338
363 65700
364 66063
365 66427
366 66792
367 67158
368 67525
369 67893
370 68262
371 68632
372 69003
373 69375
374 69748
375 70122
376 70497
377 70873
378 71250
379 71628
380 72007
381 72387
382 72768
383 73150
384 73533
385 73917
386 74302
387 74688
388 75075
389 75463
390 75852
391 76242
392 76633
393 77025
394 77418
395 77812
396 78207
397 78603
398 79000
399 79398
400 79797
401 80197
402 80598
403 81000
404 81403
405 81807
406 82212
407 82618
408 83025
409 83433
410 83842
411 84252
412 84663
413 85075
414 85488
415 85902
416 86317
417 86733
418 87150
419 87568
420 87987
421 88407
422 88828
423 89250
424 89673
425 90097
426 90522
427 90948
428 91375
429 91803
430 92232
431 92662
432 93093
433 93525
434 93958
435 94392
436 94827
437 95263
438 95700
439 96138
440 96577
441 97017
442 97458
443 97900
444 98343
445 98787
446 99232
447 99678
448 100125
449 100573
450 101022
451 101472
452 101923
453 102375
454 102828
455 103282
456 103737
457 104193
458 104650
459 105108
460 105567
461 106027
462 106488
463 106950
464 107413
465 107877
466 108342
467 108808
468 109275
469 109743
470 110212
471 110682
472 111153
473 111625
474 112098
475 112572
476 113047
477 113523
478 114000
479 114478
480 114957
481 115437
482 115918
483 116400
484 116883
485 117367
486 117852
487 118338
488 118825
489 119313
490 119802
491 120292
492 120783
493 121275
494 121768
495 122262
496 122757
497 123253
498 123750
499 124248
500 124747
501 125247
502 125748
503 126250
504 126753
505 127257
506 127762
507 128268
508 128775
509 129283
510 129792
511 130302
512 130813
513 131325
514 131838
515 132352
516 132867
517 133383
518 133900
519 134418
520 134937
521 135457
522 135978
523 136500
524 137023
525 137547
526 138072
527 138598
528 139125
529 139653
530 140182
531 140712
532 141243
533 141775
534 142308
535 142842
536 143377
537 143913
538 144450
539 144988
540 145527
541 146067
542 146608
543 147150
544 147693
545 148237
546 148782
547 149328
548 149875
549 150423
550 150972
551 151522
552 152073
553 152625
554 153178
555 153732
556 154287
557 154843
558 155400
559 155958
560 156517
561 157077
562 157638
563 158200
564 158763
565 159327
566 159892
567 160458
568 161025
569 161593
570 162162
571 162732
572 163303
573 163875
574 164448
575 165022
576 165597
577 166173
578 166750
579 167328
580 167907
581 168487
582 169068
583 169650
584 170233
585 170817
586 171402
587 171988
588 172575
589 173163
590 173752
591 174342
592 174933
593 175525
594 176118
595 176712
596 177307
597 177903
598 178500
599 179098
600 179697
601 180297
602 180898
603 181500
604 182103
605 182707
606 183312
607 183918
608 184525
609 185133
610 185742
611 186352
612 186963
613 187575
614 188188
615 188802
616 189417
617 190033
618 190650
619 191268
620 191887
621 192507
622 193128
623 193750
624 194373
625 194997
626 195622
627 196248
628 196875
629 197503
630 198132
631 198762
632 199393
633 200025
634 200658
635 201292
636 201927
637 202563
638 203200
639 203838
640 204477
641 205117
642 205758
643 206400
644 207043
645 207687
646 208332
647 208978
648 209625
649 210273
650 210922
651 211572
652 212223
653 212875
654 213528
655 214182
656 214837
657 215493
658 216150
659 216808
660 217467
661 218127
662 218788
663 219450
664 220113
665 220777
666 221442
667 222108
668 222775
669 223443
670 224112
671 224782
672 225453
673 226125
674 226798
675 227472
676 228147
677 228823
678 229500
679 230178
680 230857
681 231537
682 232218
683 232900
684 233583
685 234267
686 234952
687 235638
688 236325
689 237013
690 237702
691 238392
692 239083
693 239775
694 240468
695 241162
696 241857
697 242553
698 243250
699 243948
700 244647
701 245347
702 246048
703 246750
704 247453
705 248157
706 248862
707 249568
708 250275
709 250983
710 251692
711 252402
712 253113
713 253825
714 254538
715 255252
716 255967
717 256683
718 257400
719 258118
720 258837
721 259557
722 260278
723 261000
724 261723
725 262447
726 263172
727 263898
728 264625
729 265353
730 266082
731 266812
732 267543
733 268275
734 269008
735 269742
736 270477
737 271213
738 271950
739 272688
740 273427
741 274167
742 274908
743 275650
744 276393
745 277137
746 277882
747 278628
748 279375
749 280123
750 280872
751 281622
752 282373
753 283125
754 283878
755 284632
756 285387
757 286143
758 286900
759 287658
760 288417
761 289177
762 289938
763 290700
764 291463
765 292227
766 292992
767 293758
768 294525
769 295293
770 296062
771 296832
772 297603
773 298375
774 299148
775 299922
776 300697
777 301473
778 302250
779 303028
780 303807
781 304587
782 305368
783 306150
784 306933
785 307717
786 308502
787 309288
788 310075
789 310863
790 311652
791 312442
792 313233
793 314025
794 314818
795 315612
796 316407
797 317203
798 318000
799 318798
800 319597
801 320397
802 321198
803 322000
804 322803
805 323607
806 324412
807 325218
808 326025
809 326833
810 327642
811 328452
812 329263
813 330075
814 330888
815 331702
816 332517
817 333333
818 334150
819 334968
820 335787
821 336607
822 337428
823 338250
824 339073
825 339897
826 340722
827 341548
828 342375
829 343203
830 344032
831 344862
832 345693
833 346525
834 347358
835 348192
836 349027
837 349863
838 350700
839 351538
840 352377
841 353217
842 354058
843 354900
844 355743
845 356587
846 357432
847 358278
848 359125
849 359973
850 360822
851 361672
852 362523
853 363375
854 364228
855 365082
856 365937
857 366793
858 367650
859 368508
860 369367
861 370227
862 371088
863 371950
864 372813
865 373677
866 374542
867 375408
868 376275
869 377143
870 378012
871 378882
872 379753
873 380625
874 381498
875 382372
876 383247
877 384123
878 385000
879 385878
880 386757
881 387637
882 388518
883 389400
884 390283
885 391167
886 392052
887 392938
888 393825
889 394713
890 395602
891 396492
892 397383
893 398275
894 399168
895 400062
896 400957
897 401853
898 402750
899 403648
900 404547
901 405447
902 406348
903 407250
904 408153
905 409057
906 409962
907 410868
908 411775
909 412683
910 413592
911 414502
912 415413
913 416325
914 417238
915 418152
916 419067
917 419983
918 420900
919 421818
920 422737
921 423657
922 424578
923 425500
924 426423
925 427347
926 428272
927 429198
928 430125
929 431053
930 431982
931 432912
932 433843
933 434775
934 435708
935 436642
936 437577
937 438513
938 439450
939 440388
940 441327
941 442267
942 443208
943 444150
944 445093
945 446037
946 446982
947 447928
948 448875
949 449823
950 450772
951 451722
952 452673
953 453625
954 454578
955 455532
956 456487
957 457443
958 458400
959 459358
960 460317
961 461277
962 462238
963 463200
964 464163
965 465127
966 466092
967 467058
968 468025
969 468993
970 469962
971 470932
972 471903
973 472875
974 473848
975 474822
976 475797
977 476773
978 477750
979 478728
980 479707
981 480687
982 481668
983 482650
984 483633
985 484617
986 485602
987 486588
988 487575
989 488563
990 489552
991 490542
992 491533
993 492525
994 493518
995 494512
996 495507
997 496503
998 497500
999 498498
1000 499497
1001 500497
1002 501498
1003 502500
1004 503503
1005 504507
1006 505512
1007 506518
1008 507525
1009 508533
1010 509542
1011 510552
1012 511563
1013 512575
1014 513588
1015 514602
1016 515617
1017 516633
1018 517650
1019 518668
1020 519687
1021 520707
1022 521728
1023 522750
1024 523773
1025 524797
1026 525822
1027 526848
1028 527875
1029 528903
1030 529932
1031 530962
1032 531993
1033 533025
1034 534058
1035 535092
1036 536127
1037 537163
1038 538200
1039 539238
1040 540277
1041 541317
1042 542358
1043 543400
1044 544443
1045 545487
1046 546532
1047 547578
1048 548625
1049 549673
1050 550722
1051 551772
1052 552823
1053 553875
1054 554928
1055 555982
1056 557037
1057 558093
1058 559150
1059 560208
1060 561267
1061 562327
1062 563388
1063 564450
1064 565513
1065 566577
1066 567642
1067 568708
1068 569775
1069 570843
1070 571912
1071 572982
1072 574053
1073 575125
1074 576198
1075 577272
1076 578347
1077 579423
1078 580500
1079 581578
1080 582657
1081 583737
1082 584818
1083 585900
1084 586983
1085 588067
1086 589152
1087 590238
1088 591325
1089 592413
1090 593502
1091 594592
1092 595683
1093 596775
1094 597868
1095 598962
1096 600057
1097 601153
1098 602250
1099 603348
1100 604447
1101 605547
1102 606648
1103 607750
1104 608853
1105 609957
1106 611062
1107 612168
1108 613275
1109 614383
1110 615492
1111 616602
1112 617713
1113 618825
1114 619938
1115 621052
1116 622167
1117 623283
1118 624400
1119 625518
1120 626637
1121 627757
1122 628878
1123 630000
1124 631123
1125 632247
1126 633372
1127 634498
1128 635625
1129 636753
1130 637882
1131 639012
1132 640143
1133 641275
1134 642408
1135 643542
1136 644677
1137 645813
1138 646950
1139 648088
1140 649227
1141 650367
1142 651508
1143 652650
1144 653793
1145 654937
1146 656082
1147 657228
1148 658375
1149 659523
1150 660672
1151 661822
1152 662973
1153 664125
1154 665278
1155 666432
1156 667587
1157 668743
1158 669900
1159 671058
1160 672217
1161 673377
1162 674538
1163 675700
1164 676863
1165 678027
1166 679192
1167 680358
1168 681525
1169 682693
1170 683862
1171 685032
1172 686203
1173 687375
1174 688548
1175 689722
1176 690897
1177 692073
1178 693250
1179 694428
1180 695607
1181 696787
1182 697968
1183 699150
1184 700333
1185 701517
1186 702702
1187 703888
1188 705075
1189 706263
1190 707452
1191 708642
1192 709833
1193 711025
1194 712218
1195 713412
1196 714607
1197 715803
1198 717000
1199 718198
1200 719397
