
1 1
2 2
3 4
4 7
5 11
6 15
7 21
8 28
9 36
10 45
11 55
12 66
13 78
14 91
15 105
16 120
17 136
18 151
19 169
20 188
21 208
22 229
23 251
24 274
25 298
26 323
27 349
28 376
29 404
30 433
31 463
32 494
33 526
34 559
35 593
36 628
37 664
38 701
39 739
40 778
41 818
42 859
43 901
44 944
45 988
46 1033
47 1079
48 1126
49 1174
50 1223
51 1273
52 1324
53 1376
54 1429
55 1483
56 1538
57 1594
58 1651
59 1709
60 1768
61 1828
62 1889
63 1951
64 2014
65 2078
66 2143
67 2209
68 2276
69 2344
70 2413
71 2483
72 2554
73 2626
74 2699
75 2773
76 2848
77 2924
78 3001
79 3079
80 3158
81 3238
82 3319
83 3401
84 3484
85 3568
86 3653
87 3739
88 3826
89 3914
90 4003
91 4093
92 4184
93 4276
94 4369
95 4463
96 4558
97 4654
98 4751
99 4849
100 4948
101 5048
102 5149
103 5251
104 5354
105 5458
106 5563
107 5669
108 5776
109 5884
110 5993
111 6103
112 6214
113 6326
114 6439
115 6553
116 6668
117 6784
118 6901
119 7019
120 7138
121 7258
122 7379
123 7501
124 7624
125 7748
126 7873
127 7999
128 8126
129 8254
130 8383
131 8513
132 8644
133 8776
134 8909
135 9043
136 9178
137 9314
138 9451
139 9589
140 9728
141 9868
142 10009
143 10151
144 10294
145 10438
146 10583
147 10729
148 10876
149 11024
150 11173
151 11323
152 11474
153 11626
154 11779
155 11933
156 12088
157 12244
158 12401
159 12559
160 12718
161 12878
162 13039
163 13201
164 13364
165 13528
166 13693
167 13859
168 14026
169 14194
170 14363
171 14533
172 14704
173 14876
174 15049
175 15223
176 15398
177 15574
178 15751
179 15929
180 16108
181 16288
182 16469
183 16651
184 16834
185 17018
186 17203
187 17389
188 17576
189 17764
190 17953
191 18143
192 18334
193 18526
194 18719
195 18913
196 19108
197 19304
198 19501
199 19699
200 19898
201 20098
202 20299
203 20501
204 20704
205 20908
206 21113
207 21319
208 21526
209 21734
210 21943
211 22153
212 22364
213 22576
214 22789
215 23003
216 23218
217 23434
218 23651
219 23869
220 24088
221 24308
222 24529
223 24751
224 24974
225 25198
226 25423
227 25649
228 25876
229 26104
230 26333
231 26563
232 26794
233 27026
234 27259
235 27493
236 27728
237 27964
238 28201
239 28439
240 28678
241 28918
242 29159
243 29401
244 29644
245 29888
246 30133
247 30379
248 30626
249 30874
250 31123
251 31373
252 31624
253 31876
254 32129
255 32383
256 32638
257 32894
258 33151
259 33409
260 33668
261 33928
262 34189
263 34451
264 34714
265 34978
266 35243
267 35509
268 35776
269 36044
270 36313
271 36583
272 36854
273 37126
274 37399
275 37673
276 37948
277 38224
278 38501
279 38779
280 39058
281 39338
282 39619
283 39901
284 40184
285 40468
286 40753
287 41039
288 41326
289 41614
290 41903
291 42193
292 42484
293 42776
294 43069
295 43363
296 43658
297 43954
298 44251
299 44549
300 44848
301 45148
302 45449
303 45751
304 46054
305 46358
306 46663
307 46969
308 47276
309 47584
310 47893
311 48203
312 48514
313 48826
314 49139
315 49453
316 49768
317 50084
318 50401
319 50719
320 51038
321 51358
322 51679
323 52001
324 52324
325 52648
326 52973
327 53299
328 53626
329 53954
330 54283
331 54613
332 54944
333 55276
334 55609
335 55943
336 56278
337 56614
338 56951
339 57289
340 57628
341 57968
342 58309
343 58651
344 58994
345 59338
346 59683
347 60029
348 60376
349 60724
350 61073
351 61423
352 61774
353 62126
354 62479
355 62833
356 63188
357 63544
358 63901
359 64259
360 64618
361 64978
362 65339
363 65701
364 66064
365 66428
366 66793
367 67159
368 67526
369 67894
370 68263
371 68633
372 69004
373 69376
374 69749
375 70123
376 70498
377 70874
378 71251
379 71629
380 72008
381 72388
382 72769
383 73151
384 73534
385 73918
386 74303
387 74689
388 75076
389 75464
390 75853
391 76243
392 76634
393 77026
394 77419
395 77813
396 78208
397 78604
398 79001
399 79399
400 79798
401 80198
402 80599
403 81001
404 81404
405 81808
406 82213
407 82619
408 83026
409 83434
410 83843
411 84253
412 84664
413 85076
414 85489
415 85903
416 86318
417 86734
418 87151
419 87569
420 87988
421 88408
422 88829
423 89251
424 89674
425 90098
426 90523
427 90949
428 91376
429 91804
430 92233
431 92663
432 93094
433 93526
434 93959
435 94393
436 94828
437 95264
438 95701
439 96139
440 96578
441 97018
442 97459
443 97901
444 98344
445 98788
446 99233
447 99679
448 100126
449 100574
450 101023
451 101473
452 101924
453 102376
454 102829
455 103283
456 103738
457 104194
458 104651
459 105109
460 105568
461 106028
462 106489
463 106951
464 107414
465 107878
466 108343
467 108809
468 109276
469 109744
470 110213
471 110683
472 111154
473 111626
474 112099
475 112573
476 113048
477 113524
478 114001
479 114479
480 114958
481 115438
482 115919
483 116401
484 116884
485 117368
486 117853
487 118339
488 118826
489 119314
490 119803
491 120293
492 120784
493 121276
494 121769
495 122263
496 122758
497 123254
498 123751
499 124249
500 124748
501 125248
502 125749
503 126251
504 126754
505 127258
506 127763
507 128269
508 128776
509 129284
510 129793
511 130303
512 130814
513 131326
514 131839
515 132353
516 132868
517 133384
518 133901
519 134419
520 134938
521 135458
522 135979
523 136501
524 137024
525 137548
526 138073
527 138599
528 139126
529 139654
530 140183
531 140713
532 141244
533 141776
534 142309
535 142843
536 143378
537 143914
538 144451
539 144989
540 145528
541 146068
542 146609
543 147151
544 147694
545 148238
546 148783
547 149329
548 149876
549 150424
550 150973
551 151523
552 152074
553 152626
554 153179
555 153733
556 154288
557 154844
558 155401
559 155959
560 156518
561 157078
562 157639
563 158201
564 158764
565 159328
566 159893
567 160459
568 161026
569 161594
570 162163
571 162733
572 163304
573 163876
574 164449
575 165023
576 165598
577 166174
578 166751
579 167329
580 167908
581 168488
582 169069
583 169651
584 170234
585 170818
586 171403
587 171989
588 172576
589 173164
590 173753
591 174343
592 174934
593 175526
594 176119
595 176713
596 177308
597 177904
598 178501
599 179099
600 179698
601 180298
602 180899
603 181501
604 182104
605 182708
606 183313
607 183919
608 184526
609 185134
610 185743
611 186353
612 186964
613 187576
614 188189
615 188803
616 189418
617 190034
618 190651
619 191269
620 191888
621 192508
622 193129
623 193751
624 194374
625 194998
626 195623
627 196249
628 196876
629 197504
630 198133
631 198763
632 199394
633 200026
634 200659
635 201293
636 201928
637 202564
638 203201
639 203839
640 204478
641 205118
642 205759
643 206401
644 207044
645 207688
646 208333
647 208979
648 209626
649 210274
650 210923
651 211573
652 212224
653 212876
654 213529
655 214183
656 214838
657 215494
658 216151
659 216809
660 217468
661 218128
662 218789
663 219451
664 220114
665 220778
666 221443
667 222109
668 222776
669 223444
670 224113
671 224783
672 225454
673 226126
674 226799
675 227473
676 228148
677 228824
678 229501
679 230179
680 230858
681 231538
682 232219
683 232901
684 233584
685 234268
686 234953
687 235639
688 236326
689 237014
690 237703
691 238393
692 239084
693 239776
694 240469
695 241163
696 241858
697 242554
698 243251
699 243949
700 244648
701 245348
702 246049
703 246751
704 247454
705 248158
706 248863
707 249569
708 250276
709 250984
710 251693
711 252403
712 253114
713 253826
714 254539
715 255253
716 255968
717 256684
718 257401
719 258119
720 258838
721 259558
722 260279
723 261001
724 261724
725 262448
726 263173
727 263899
728 264626
729 265354
730 266083
731 266813
732 267544
733 268276
734 269009
735 269743
736 270478
737 271214
738 271951
739 272689
740 273428
741 274168
742 274909
743 275651
744 276394
745 277138
746 277883
747 278629
748 279376
749 280124
750 280873
751 281623
752 282374
753 283126
754 283879
755 284633
756 285388
757 286144
758 286901
759 287659
760 288418
761 289178
762 289939
763 290701
764 291464
765 292228
766 292993
767 293759
768 294526
769 295294
770 296063
771 296833
772 297604
773 298376
774 299149
775 299923
776 300698
777 301474
778 302251
779 303029
780 303808
781 304588
782 305369
783 306151
784 306934
785 307718
786 308503
787 309289
788 310076
789 310864
790 311653
791 312443
792 313234
793 314026
794 314819
795 315613
796 316408
797 317204
798 318001
799 318799
800 319598
801 320398
802 321199
803 322001
804 322804
805 323608
806 324413
807 325219
808 326026
809 326834
810 327643
811 328453
812 329264
813 330076
814 330889
815 331703
816 332518
817 333334
818 334151
819 334969
820 335788
821 336608
822 337429
823 338251
824 339074
825 339898
826 340723
827 341549
828 342376
829 343204
830 344033
831 344863
832 345694
833 346526
834 347359
835 348193
836 349028
837 349864
838 350701
839 351539
840 352378
841 353218
842 354059
843 354901
844 355744
845 356588
846 357433
847 358279
848 359126
849 359974
850 360823
851 361673
852 362524
853 363376
854 364229
855 365083
856 365938
857 366794
858 367651
859 368509
860 369368
861 370228
862 371089
863 371951
864 372814
865 373678
866 374543
867 375409
868 376276
869 377144
870 378013
871 378883
872 379754
873 380626
874 381499
875 382373
876 383248
877 384124
878 385001
879 385879
880 386758
881 387638
882 388519
883 389401
884 390284
885 391168
886 392053
887 392939
888 393826
889 394714
890 395603
891 396493
892 397384
893 398276
894 399169
895 400063
896 400958
897 401854
898 402751
899 403649
900 404548
901 405448
902 406349
903 407251
904 408154
905 409058
906 409963
907 410869
908 411776
909 412684
910 413593
911 414503
912 415414
913 416326
914 417239
915 418153
916 419068
917 419984
918 420901
919 421819
920 422738
921 423658
922 424579
923 425501
924 426424
925 427348
926 428273
927 429199
928 430126
929 431054
930 431983
931 432913
932 433844
933 434776
934 435709
935 436643
936 437578
937 438514
938 439451
939 440389
940 441328
941 442268
942 443209
943 444151
944 445094
945 446038
946 446983
947 447929
948 448876
949 449824
950 450773
951 451723
952 452674
953 453626
954 454579
955 455533
956 456488
957 457444
958 458401
959 459359
960 460318
961 461278
962 462239
963 463201
964 464164
965 465128
966 466093
967 467059
968 468026
969 468994
970 469963
971 470933
972 471904
973 472876
974 473849
975 474823
976 475798
977 476774
978 477751
979 478729
980 479708
981 480688
982 481669
983 482651
984 483634
985 484618
986 485603
987 486589
988 487576
989 488564
990 489553
991 490543
992 491534
993 492526
994 493519
995 494513
996 495508
997 496504
998 497501
999 498499
1000 499498
1001 500498
1002 501499
1003 502501
1004 503504
1005 504508
1006 505513
1007 506519
1008 507526
1009 508534
1010 509543
1011 510553
1012 511564
1013 512576
1014 513589
1015 514603
1016 515618
1017 516634
1018 517651
1019 518669
1020 519688
1021 520708
1022 521729
1023 522751
1024 523774
1025 524798
1026 525823
1027 526849
1028 527876
1029 528904
1030 529933
1031 530963
1032 531994
1033 533026
1034 534059
1035 535093
1036 536128
1037 537164
1038 538201
1039 539239
1040 540278
1041 541318
1042 542359
1043 543401
1044 544444
1045 545488
1046 546533
1047 547579
1048 548626
1049 549674
1050 550723
1051 551773
1052 552824
1053 553876
1054 554929
1055 555983
1056 557038
1057 558094
1058 559151
1059 560209
1060 561268
1061 562328
1062 563389
1063 564451
1064 565514
1065 566578
1066 567643
1067 568709
1068 569776
1069 570844
1070 571913
1071 572983
1072 574054
1073 575126
1074 576199
1075 577273
1076 578348
1077 579424
1078 580501
1079 581579
1080 582658
1081 583738
1082 584819
1083 585901
1084 586984
1085 588068
1086 589153
1087 590239
1088 591326
1089 592414
1090 593503
1091 594593
1092 595684
1093 596776
1094 597869
1095 598963
1096 600058
1097 601154
1098 602251
1099 603349
1100 604448
1101 605548
1102 606649
1103 607751
1104 608854
1105 609958
1106 611063
1107 612169
1108 613276
1109 614384
1110 615493
1111 616603
1112 617714
1113 618826
1114 619939
1115 621053
1116 622168
1117 623284
1118 624401
1119 625519
1120 626638
1121 627758
1122 628879
1123 630001
1124 631124
1125 632248
1126 633373
1127 634499
1128 635626
1129 636754
1130 637883
1131 639013
1132 640144
1133 641276
1134 642409
1135 643543
1136 644678
1137 645814
1138 646951
1139 648089
1140 649228
1141 650368
1142 651509
1143 652651
1144 653794
1145 654938
1146 656083
1147 657229
1148 658376
1149 659524
1150 660673
1151 661823
1152 662974
1153 664126
1154 665279
1155 666433
1156 667588
1157 668744
1158 669901
1159 671059
1160 672218
1161 673378
1162 674539
1163 675701
1164 676864
1165 678028
1166 679193
1167 680359
1168 681526
1169 682694
1170 683863
1171 685033
1172 686204
1173 687376
1174 688549
1175 689723
1176 690898
1177 692074
1178 693251
1179 694429
1180 695608
1181 696788
1182 697969
1183 699151
1184 700334
1185 701518
1186 702703
1187 703889
1188 705076
1189 706264
1190 707453
1191 708643
1192 709834
1193 711026
1194 712219
1195 713413
1196 714608
1197 715804
1198 717001
1199 718199
1200 719398
