0 1
1 2
2 4
3 7
4 11
5 15
6 21
7 28
8 35
9 43
10 53
11 64
12 76
13 88
14 102
15 117
16 133
17 149
18 167
19 186
20 206
21 226
22 248
23 271
24 295
25 319
26 345
27 372
28 400
29 428
30 458
31 489
32 521
33 553
34 587
35 622
36 658
37 694
38 732
39 771
40 811
41 851
42 893
43 936
44 980
45 1024
46 1070
47 1117
48 1165
49 1213
50 1263
51 1314
52 1366
53 1418
54 1472
55 1527
56 1583
57 1639
58 1697
59 1756
60 1816
61 1876
62 1938
63 2001
64 2065
65 2129
66 2195
67 2262
68 2330
69 2398
70 2468
71 2539
72 2611
73 2683
74 2757
75 2832
76 2908
77 2984
78 3062
79 3141
80 3221
81 3301
82 3383
83 3466
84 3550
85 3634
86 3720
87 3807
88 3895
89 3983
90 4073
91 4164
92 4256
93 4348
94 4442
95 4537
96 4633
97 4729
98 4827
99 4926
100 5026
101 5126
102 5228
103 5331
104 5435
105 5539
106 5645
107 5752
108 5860
109 5968
110 6078
111 6189
112 6301
113 6413
114 6527
115 6642
116 6758
117 6874
118 6992
119 7111
120 7231
121 7351
122 7473
123 7596
124 7720
125 7844
126 7970
127 8097
128 8225
129 8353
130 8483
131 8614
132 8746
133 8878
134 9012
135 9147
136 9283
137 9419
138 9557
139 9696
140 9836
141 9976
142 10118
143 10261
144 10405
145 10549
146 10695
147 10842
148 10990
149 11138
150 11288
151 11439
152 11591
153 11743
154 11897
155 12052
156 12208
157 12364
158 12522
159 12681
160 12841
161 13001
162 13163
163 13326
164 13490
165 13654
166 13820
167 13987
168 14155
169 14323
170 14493
171 14664
172 14836
173 15008
174 15182
175 15357
176 15533
177 15709
178 15887
179 16066
180 16246
181 16426
182 16608
183 16791
184 16975
185 17159
186 17345
187 17532
188 17720
189 17908
190 18098
191 18289
192 18481
193 18673
194 18867
195 19062
196 19258
197 19454
198 19652
199 19851
200 20051
201 20251
202 20453
203 20656
204 20860
205 21064
206 21270
207 21477
208 21685
209 21893
210 22103
211 22314
212 22526
213 22738
214 22952
215 23167
216 23383
217 23599
218 23817
219 24036
220 24256
221 24476
222 24698
223 24921
224 25145
225 25369
226 25595
227 25822
228 26050
229 26278
230 26508
231 26739
232 26971
233 27203
234 27437
235 27672
236 27908
237 28144
238 28382
239 28621
240 28861
241 29101
242 29343
243 29586
244 29830
245 30074
246 30320
247 30567
248 30815
249 31063
250 31313
251 31564
252 31816
253 32068
254 32322
255 32577
256 32833
257 33089
258 33347
259 33606
260 33866
261 34126
262 34388
263 34651
264 34915
265 35179
266 35445
267 35712
268 35980
269 36248
270 36518
271 36789
272 37061
273 37333
274 37607
275 37882
276 38158
277 38434
278 38712
279 38991
280 39271
281 39551
282 39833
283 40116
284 40400
285 40684
286 40970
287 41257
288 41545
289 41833
290 42123
291 42414
292 42706
293 42998
294 43292
295 43587
296 43883
297 44179
298 44477
299 44776
300 45076
301 45376
302 45678
303 45981
304 46285
305 46589
306 46895
307 47202
308 47510
309 47818
310 48128
311 48439
312 48751
313 49063
314 49377
315 49692
316 50008
317 50324
318 50642
319 50961
320 51281
321 51601
322 51923
323 52246
324 52570
325 52894
326 53220
327 53547
328 53875
329 54203
330 54533
331 54864
332 55196
333 55528
334 55862
335 56197
336 56533
337 56869
338 57207
339 57546
340 57886
341 58226
342 58568
343 58911
344 59255
345 59599
346 59945
347 60292
348 60640
349 60988
350 61338
351 61689
352 62041
353 62393
354 62747
355 63102
356 63458
357 63814
358 64172
359 64531
360 64891
361 65251
362 65613
363 65976
364 66340
365 66704
366 67070
367 67437
368 67805
369 68173
370 68543
371 68914
372 69286
373 69658
374 70032
375 70407
376 70783
377 71159
378 71537
379 71916
380 72296
381 72676
382 73058
383 73441
384 73825
385 74209
386 74595
387 74982
388 75370
389 75758
390 76148
391 76539
392 76931
393 77323
394 77717
395 78112
396 78508
397 78904
398 79302
399 79701
400 80101
401 80501
402 80903
403 81306
404 81710
405 82114
406 82520
407 82927
408 83335
409 83743
410 84153
411 84564
412 84976
413 85388
414 85802
415 86217
416 86633
417 87049
418 87467
419 87886
420 88306
421 88726
422 89148
423 89571
424 89995
425 90419
426 90845
427 91272
428 91700
429 92128
430 92558
431 92989
432 93421
433 93853
434 94287
435 94722
436 95158
437 95594
438 96032
439 96471
440 96911
441 97351
442 97793
443 98236
444 98680
445 99124
446 99570
447 100017
448 100465
449 100913
450 101363
451 101814
452 102266
453 102718
454 103172
455 103627
456 104083
457 104539
458 104997
459 105456
460 105916
461 106376
462 106838
463 107301
464 107765
465 108229
466 108695
467 109162
468 109630
469 110098
470 110568
471 111039
472 111511
473 111983
474 112457
475 112932
476 113408
477 113884
478 114362
479 114841
480 115321
481 115801
482 116283
483 116766
484 117250
485 117734
486 118220
487 118707
488 119195
489 119683
490 120173
491 120664
492 121156
493 121648
494 122142
495 122637
496 123133
497 123629
498 124127
499 124626
500 125126
